	methylID_full	S2_LS2	AIC_LS2	S2_LS3	AIC_LS3	LS	AIC	S2	S2_er	tauf	tauf_er
0	THR3-CG2HG2	0.756	11.497	0.809	11.404	LS3	11.404	0.809	0.117	48.408	4.974
0	VAL9-CG1HG1	0.781	16.389	0.684	10.319	LS3	10.319	0.684	0.041	65.517	2.880
0	VAL9-CG2HG2	0.699	42.591	0.677	42.536	LS3	42.536	0.677	0.099	42.345	4.077
0	VAL13-CG1HG1	0.374	33.386	0.565	10.307	LS3	10.307	0.565	0.014	100.893	0.816
0	VAL13-CG2HG2	0.331	628.838	0.598	34.142	LS3	34.142	0.598	0.021	44.067	1.298
0	ALA16-CBHB	0.959	19.556	0.865	21.945	LS2	19.556	0.959	0.026	74.161	3.192
0	VAL19-CG1HG1	0.922	66.972	0.768	12.841	LS3	12.841	0.768	0.101	59.426	4.426
0	VAL19-CG2HG2	0.868	249.774	0.741	30.687	LS3	30.687	0.741	0.123	27.123	5.180
0	ILE20-CDHD	0.564	64.127	0.645	22.967	LS3	22.967	0.645	0.050	20.976	2.830
0	ILE20-CG2HG2	0.852	25.543	0.819	33.124	LS2	25.543	0.852	0.019	44.507	2.687
0	LEU21-CD1HD1	0.742	34.314	0.595	9.565	LS3	9.565	0.595	0.029	57.666	1.247
0	LEU21-CD2HD2	0.648	8.258	0.605	15.083	LS2	8.258	0.648	0.009	43.337	1.536
0	ALA27-CBHB	0.880	61.560	0.813	53.439	LS3	53.439	0.813	0.137	38.325	5.907
0	ILE29-CDHD	0.462	38.112	0.414	11.189	LS3	11.189	0.414	0.060	28.437	2.744
0	ILE29-CG2HG2	0.765	31.619	0.752	35.633	LS2	31.619	0.765	0.023	33.429	2.820
0	ILE30-CDHD	0.217	306.815	0.416	52.247	LS3	52.247	0.416	0.049	17.247	3.160
0	ILE30-CG2HG2	0.455	184.773	0.652	28.260	LS3	28.260	0.652	0.020	37.061	1.592
0	VAL31-CG2HG2	0.788	65.066	0.787	67.172	LS2	65.066	0.788	0.014	28.731	1.879
0	LEU32-CD2HD2	0.493	23.695	0.568	7.499	LS3	7.499	0.568	0.008	27.962	0.435
0	VAL34-CG2HG2	0.423	65.903	0.537	23.362	LS3	23.362	0.537	0.024	80.473	1.130
0	VAL34-CG1HG1	0.393	85.093	0.564	12.049	LS3	12.049	0.564	0.006	63.347	0.529
0	THR36-CG2HG2	0.738	12.406	0.670	24.200	LS2	12.406	0.738	0.132	60.855	7.444
0	ILE37-CDHD	0.223	101.184	0.296	7.846	LS3	7.846	0.296	0.013	22.462	0.744
0	ILE37-CG2HG2	0.574	96.827	0.656	42.971	LS3	42.971	0.656	0.042	29.585	2.332
0	VAL38-CG1HG1	0.637	42.314	0.738	24.017	LS3	24.017	0.738	0.040	60.352	2.304
0	VAL38-CG2HG2	0.553	156.680	0.693	38.971	LS3	38.971	0.693	0.027	41.575	1.436
0	THR39-CG2HG2	0.691	9.411	0.703	11.228	LS2	9.411	0.691	0.042	36.996	4.651
0	ILE44-CDHD	0.424	19.324	0.358	26.368	LS2	19.324	0.424	0.014	11.737	1.603
0	ILE44-CG2HG2	0.519	146.484	0.655	22.631	LS3	22.631	0.655	0.033	31.938	1.805
0	VAL47-CG1HG1	0.738	26.655	0.812	17.971	LS3	17.971	0.812	0.090	30.549	4.740
0	VAL47-CG2HG2	0.817	9.911	0.838	10.426	LS2	9.911	0.817	0.010	51.979	1.763
0	LEU49-CD1HD1	0.812	4.989	0.875	6.926	LS2	4.989	0.812	0.083	82.710	9.112
0	LEU49-CD2HD2	0.705	19.679	0.717	19.475	LS3	19.475	0.717	0.063	24.901	4.787
0	VAL51-CG1HG1	0.806	17.901	0.791	20.316	LS2	17.901	0.806	0.024	50.242	3.650
0	VAL51-CG2HG2	0.790	12.260	0.789	14.328	LS2	12.260	0.790	0.008	70.553	1.191
0	LEU54-CD1HD1	0.425	116.237	0.345	19.394	LS3	19.394	0.345	0.005	38.497	0.340
0	LEU54-CD2HD2	0.397	264.530	0.309	102.986	LS3	102.986	0.309	0.047	31.308	1.800
0	ILE57-CDHD	0.424	12.415	0.419	15.893	LS2	12.415	0.424	0.009	22.654	0.799
0	ILE57-CG2HG2	0.855	35.948	0.857	37.598	LS2	35.948	0.855	0.020	57.259	4.179
0	ALA58-CBHB	0.861	52.017	0.754	50.311	LS3	50.311	0.754	0.097	49.240	4.145
0	VAL60-CG1HG1	0.832	27.328	0.859	19.420	LS3	19.420	0.859	0.112	47.184	5.011
0	VAL60-CG2HG2	0.862	21.027	0.805	25.928	LS2	21.027	0.862	0.029	31.902	3.390
0	VAL63-CG1HG1	0.928	12.685	0.499	24.877	LS2	12.685	0.928	0.027	71.401	4.295
0	VAL63-CG2HG2	0.733	4.623	0.807	7.151	LS2	4.623	0.733	0.007	92.243	1.260
