	methylID_full	S2_LS2	AIC_LS2	S2_LS3	AIC_LS3	LS	AIC	S2	S2_er	tauf	tauf_er
0	THR3-CG2HG2	0.838	14.880	0.805	11.206	LS3	11.206	0.805	0.112	48.770	4.731
0	VAL9-CG1HG1	0.818	35.557	0.692	7.677	LS3	7.677	0.692	0.032	64.847	2.653
0	VAL9-CG2HG2	0.769	89.624	0.680	39.644	LS3	39.644	0.680	0.096	42.141	4.044
0	VAL13-CG1HG1	0.406	23.935	0.566	10.282	LS3	10.282	0.566	0.009	100.838	0.671
0	VAL13-CG2HG2	0.342	587.090	0.602	38.431	LS3	38.431	0.602	0.027	44.154	1.466
0	ALA16-CBHB	0.954	19.306	0.865	21.905	LS2	19.306	0.954	0.016	74.368	2.701
0	VAL19-CG1HG1	0.895	46.615	0.769	13.171	LS3	13.171	0.769	0.103	59.408	4.602
0	VAL19-CG2HG2	0.926	554.287	0.732	37.182	LS3	37.182	0.732	0.106	27.985	4.620
0	ILE20-CDHD	0.583	42.482	0.661	13.270	LS3	13.270	0.661	0.041	19.478	2.674
0	ILE20-CG2HG2	0.924	28.528	0.827	22.994	LS3	22.994	0.827	0.068	45.726	3.635
0	LEU21-CD1HD1	0.707	18.762	0.596	9.693	LS3	9.693	0.596	0.027	57.618	1.231
0	LEU21-CD2HD2	0.715	40.663	0.616	9.009	LS3	9.009	0.616	0.025	44.907	2.373
0	ALA27-CBHB	0.907	55.007	0.825	33.570	LS3	33.570	0.825	0.127	37.042	5.660
0	ILE29-CDHD	0.446	38.051	0.401	14.804	LS3	14.804	0.401	0.061	29.416	3.132
0	ILE29-CG2HG2	0.827	34.726	0.754	24.116	LS3	24.116	0.754	0.035	33.740	3.064
0	ILE30-CDHD	0.227	204.218	0.427	12.854	LS3	12.854	0.427	0.026	17.004	1.705
0	ILE30-CG2HG2	0.466	151.550	0.659	20.177	LS3	20.177	0.659	0.024	36.271	1.819
0	VAL31-CG2HG2	0.794	59.340	0.793	61.738	LS2	59.340	0.794	0.011	28.321	1.775
0	LEU32-CD2HD2	0.462	46.271	0.570	7.555	LS3	7.555	0.570	0.008	27.817	0.438
0	VAL34-CG2HG2	0.424	59.142	0.532	22.982	LS3	22.982	0.532	0.025	80.810	1.128
0	VAL34-CG1HG1	0.355	131.895	0.564	12.551	LS3	12.551	0.564	0.006	63.433	0.571
0	THR36-CG2HG2	0.874	12.592	0.740	24.222	LS2	12.592	0.874	0.100	55.792	6.194
0	ILE37-CDHD	0.217	120.190	0.291	11.918	LS3	11.918	0.291	0.011	22.889	0.687
0	ILE37-CG2HG2	0.612	67.823	0.661	47.914	LS3	47.914	0.661	0.049	29.325	2.728
0	VAL38-CG1HG1	0.701	22.208	0.735	22.782	LS2	22.208	0.701	0.009	62.608	1.303
0	VAL38-CG2HG2	0.570	149.878	0.698	44.750	LS3	44.750	0.698	0.028	41.302	1.547
0	THR39-CG2HG2	0.622	36.312	0.726	8.782	LS3	8.782	0.726	0.100	33.858	5.244
0	ILE44-CDHD	0.470	72.648	0.356	18.530	LS3	18.530	0.356	0.032	15.493	1.573
0	ILE44-CG2HG2	0.513	159.883	0.651	25.389	LS3	25.389	0.651	0.032	32.250	1.719
0	VAL47-CG1HG1	0.791	19.355	0.828	19.764	LS2	19.355	0.791	0.021	31.928	3.347
0	VAL47-CG2HG2	0.853	7.386	0.849	9.559	LS2	7.386	0.853	0.011	49.673	1.858
0	LEU49-CD1HD1	0.745	6.203	0.906	7.814	LS2	6.203	0.745	0.072	87.585	8.926
0	LEU49-CD2HD2	0.638	36.277	0.725	16.532	LS3	16.532	0.725	0.056	23.966	4.784
0	VAL51-CG1HG1	0.844	15.060	0.798	12.765	LS3	12.765	0.798	0.085	50.174	4.649
0	VAL51-CG2HG2	0.729	21.091	0.789	14.014	LS3	14.014	0.789	0.019	70.591	1.892
0	LEU54-CD1HD1	0.424	101.716	0.349	17.917	LS3	17.917	0.349	0.010	38.070	0.404
0	LEU54-CD2HD2	0.386	202.612	0.312	93.052	LS3	93.052	0.312	0.042	31.083	1.795
0	ILE57-CDHD	0.387	32.609	0.420	15.731	LS3	15.731	0.420	0.012	22.979	0.762
0	ILE57-CG2HG2	0.924	27.316	0.879	32.274	LS2	27.316	0.924	0.030	53.006	4.724
0	ALA58-CBHB	0.866	56.242	0.752	53.321	LS3	53.321	0.752	0.089	49.476	3.629
0	VAL60-CG1HG1	0.886	40.715	0.895	41.128	LS2	40.715	0.886	0.032	46.697	3.561
0	VAL60-CG2HG2	0.873	17.087	0.822	13.880	LS3	13.880	0.822	0.094	33.695	4.509
0	VAL63-CG1HG1	0.964	17.575	0.470	26.766	LS2	17.575	0.964	0.027	69.671	4.083
0	VAL63-CG2HG2	0.719	4.353	0.808	6.827	LS2	4.353	0.719	0.012	93.573	1.832
